  0,000426346
     0,125596
     0,441552
            0
            0
            0
            0
            0
            0
            0
            0
            0
            0
            0
            0
    0,0278688
            0
            0
            0
            0
            0
            0
            0
            0
            0
            0
            0
            0
            0
            0
            0
            0
            0
            0
            0
            0
            0
            0
            0
            0
            0
            0
            0
     0,402104
            0
            0
  2,89616e-05
       4,9498
    0,0143979
            0
            0
            0
      1,59609
   0,00873378
            0
            0
            0
            0
            0
            0
            0
            0
            0
            0
            0
            0
            0
            0
            0
            0
            0
            0
            0
     0,013291
            0
            0
            0
   0,00181805
            0
            0
            0
            0
      1,62616
      8,81652
      4,68706
      1,13757
            0
            0
            0
            0
            0
            0
            0
            0
            0
            0
       2,1592
       3,1323
      1,30263
      2,50846
      4,73544
      8,54665
      6,75252
      1,49746
     0,494068
       1,5845
      26,6758
      1,35294
       5,4615
     0,198176
       4,0137
      11,7706
      1,32579
    0,0454737
   0,00246403
      9,12168
      8,39011
      2,28065
     0,254519
   0,00663028
      1,80892
      2,65246
      13,7251
